0.8183703
0.8166556
0.81461763
0.71907175
0.70424545
0.63963985
0.74728006
0.787796
0.74117
0.67345065
1.1583405
0.6542097
0.6736735
0.6368399
1.0423852
0.7608728
0.9679758
0.65324086
0.6933331
0.649
0.66848326
1.0834519
0.76045084
0.72356266
0.7610516
1.0387295
0.7761718
0.73816043
0.6963966
0.73613733
0.7661221
1.1064632
0.87826467
0.62804484
0.7761531
0.684811
0.7263101
0.78587306
1.1565225
0.6518006
0.7191438
0.7407677
0.7689207
0.7792405
0.80950326
0.6626572
0.8856555
0.75188214
1.0537848
0.63696015
0.6416629
0.9659086
0.7032705
0.9509607
0.6900166
0.73254335
0.7685148
0.77502507
0.80112225
0.8178274
0.65599537
0.76486874
0.7712707
0.9424843
1.2
0.8226862
0.77687985
0.7444696
0.64930236
0.7173449
0.78631824
0.7700488
0.67545944
0.7790986
1.2
0.7269241
0.67550725
0.7291187
0.7090253
0.71304566
1.2
0.74650437
0.737185
0.66160643
1.2
0.63227516
0.8189311
0.99371636
0.7250517
0.67847884
0.7239113
0.7269914
0.6408163
0.71671456
0.88269705
1.0021126
0.78618896
0.7023902
0.68722934
0.8535555
0.64402646
0.92621124
0.6305413
0.6241654
0.7625261
0.743896
0.7990614
0.88774693
0.7142954
0.7563361
0.82558453
0.7132994
0.64170897
1.049172
0.6634831
0.781365
0.766277
0.66969913
0.64101905
0.7119712
0.9691841
0.9935695
0.72796303
0.7429051
0.6208344
0.74434227
1.0325203
1.1922337
0.8483946
0.7361851
1.1930227
1.1012571
0.7010277
0.8112056
1.1172647
0.80165136
0.6758291
0.79056656
0.80877215
0.80831397
0.66325617
0.61677366
0.6189034
0.66179556
0.9203448
0.6577132
0.7382534
0.69873405
0.734103
0.65647393
0.8152293
1.0319322
0.64613104
0.69170064
0.7685551
0.7514582
0.687836
0.7923172
0.7703789
0.64140236
0.75244415
0.7966613
0.73549926
0.66874886
0.7709898
0.73422456
0.76816213
0.8217633
0.7652261
1.055114
0.6777478
0.765092
0.8922976
0.6559718
0.91499585
0.78672266
0.76730186
0.6216377
0.6890367
0.7300613
1.0561092
0.68314564
0.8513043
1.2
0.670611
0.8370298
0.78846455
0.7372678
0.8037432
1.1463355
0.7968489
1.183489
0.81809914
0.6997546
1.0060767
1.0304183
0.8014457
1.013576
1.0537215
0.6863785
0.91334224
0.7846422
0.9492561
0.7949492
0.73998755
1.2
1.1918658
1.0450519
0.72991735
1.0392146
0.93871903
0.7618145
0.76441634
0.72520244
0.71464884
0.72687656
0.79855126
0.703333
0.6567179
0.9992258
0.8770578
0.817042
0.73624253
0.8626838
0.62388784
0.7173401
1.1482055
1.2
0.72755677
0.72629166
0.7652333
0.7326433
1.000833
0.62019706
0.7894348
0.81514925
0.9135735
1.1988451
0.72474813
1.0727943
0.8213326
1.0842857
0.78072864
0.68613154
0.79945487
0.86954695
0.7775804
0.64241225
1.0579339
0.68837756